[gd_scene load_steps=16 format=2]

[ext_resource path="res://Scenes/Transition.tscn" type="PackedScene" id=1]
[ext_resource path="res://Objects/FinishPos.tscn" type="PackedScene" id=2]
[ext_resource path="res://Objects/House.tscn" type="PackedScene" id=3]
[ext_resource path="res://Level objects/Floor.tscn" type="PackedScene" id=4]
[ext_resource path="res://Objects/Light.tscn" type="PackedScene" id=5]
[ext_resource path="res://Level objects/Walls.tscn" type="PackedScene" id=6]
[ext_resource path="res://Objects/StartPos.tscn" type="PackedScene" id=7]
[ext_resource path="res://Level objects/PineTree.tscn" type="PackedScene" id=8]
[ext_resource path="res://Level objects/BushRed.tscn" type="PackedScene" id=9]
[ext_resource path="res://Level objects/Tree.tscn" type="PackedScene" id=10]
[ext_resource path="res://Level objects/TallTree.tscn" type="PackedScene" id=11]
[ext_resource path="res://Objects/Key.tscn" type="PackedScene" id=12]
[ext_resource path="res://Level objects/BushYellow.tscn" type="PackedScene" id=13]
[ext_resource path="res://Level objects/Stone.tscn" type="PackedScene" id=14]
[ext_resource path="res://Level objects/Grasses.tscn" type="PackedScene" id=15]

[node name="L5" type="Spatial"]

[node name="Walls" parent="." instance=ExtResource( 6 )]
transform = Transform( 1, 0, 0, 0, 1, 0, 0, 0, 1, -0.102341, -0.16944, -0.204689 )

[node name="Tree1" parent="." instance=ExtResource( 10 )]
transform = Transform( -0.823554, 0, -0.567239, 0, 1, 0, 0.567239, 0, -0.823554, 9.33569, -0.551201, 7.62079 )
skeleton = NodePath("../Floor")

[node name="PineTree4" parent="." instance=ExtResource( 8 )]
transform = Transform( 1, 0, 0, 0, 1, 0, 0, 0, 1, 15.4177, -0.551201, -6.88923 )
skeleton = NodePath("../TallTree3")

[node name="TallTree3" parent="." instance=ExtResource( 11 )]
transform = Transform( 0.6542, 0, 0.756322, 0, 1, 0, -0.756322, 0, 0.6542, 9.44411, -0.551201, -4.70066 )
skeleton = NodePath("../TallTree1")

[node name="TallTree2" parent="." instance=ExtResource( 11 )]
transform = Transform( 0.241719, 0, 0.970346, 0, 1, 0, -0.970346, 0, 0.241719, 4.46048, -0.551201, -6.30621 )
skeleton = NodePath("../TallTree1")

[node name="TallTree1" parent="." instance=ExtResource( 11 )]
transform = Transform( 0.546906, 0, 0.837194, 0, 1, 0, -0.837194, 0, 0.546906, -0.55498, -0.551203, -4.79683 )
skeleton = NodePath("../Floor")

[node name="Key" parent="." instance=ExtResource( 12 )]
transform = Transform( 1, 0, 0, 0, 1, 0, 0, 0, 1, 15.7225, 4.85593, -5.49814 )

[node name="Floor" parent="." instance=ExtResource( 4 )]
transform = Transform( 1, 0, 0, 0, 1, 0, 0, 0, 1, -0.132469, -0.561201, -0.234824 )

[node name="FinishPos" parent="." instance=ExtResource( 2 )]
transform = Transform( -0.179195, 0, -0.00799353, 0, 1, 0, 0.00213244, 0, -1.48862, 27.1536, 1.36928, 0.330001 )

[node name="PineTree3" parent="." instance=ExtResource( 8 )]
transform = Transform( 0.999147, 0, 0.0412827, 0, 1, 0, -0.0412827, 0, 0.999147, -5.71952, -0.551201, 2.56164 )
skeleton = NodePath("../StartPos")
material/0 = null

[node name="StartPos" parent="." instance=ExtResource( 7 )]
transform = Transform( -4.37114e-08, 0, -1, 0, 1, 0, 1, 0, -4.37114e-08, -28.5087, 5.47699, 0.0324445 )

[node name="Light" parent="." instance=ExtResource( 5 )]
transform = Transform( -0.694014, -0.19214, -0.693849, -0.597886, 0.690711, 0.406757, 0.401095, 0.697138, -0.594241, -1.49791, 14.917, -15.9008 )

[node name="Transition" parent="." instance=ExtResource( 1 )]

[node name="House" parent="." instance=ExtResource( 3 )]
transform = Transform( 1, 0, 0, 0, 1, 0, 0, 0, 1, 22.5291, -0.479507, -0.308046 )

[node name="BushRed1" parent="." instance=ExtResource( 9 )]
transform = Transform( 1, 0, 0, 0, 1, 0, 0, 0, 1, 20.597, -0.741683, 9.98146 )

[node name="PineTree1" parent="." instance=ExtResource( 8 )]
transform = Transform( 1, 0, 0, 0, 1, 0, 0, 0, 1, 15.9505, -0.551201, 9.50847 )

[node name="PineTree2" parent="." instance=ExtResource( 8 )]
transform = Transform( 0.237754, 0, 0.971325, 0, 1, 0, -0.971325, 0, 0.237754, 1.13694, -0.551202, 4.58909 )

[node name="PineTree5" parent="." instance=ExtResource( 8 )]
transform = Transform( -0.991974, 0, 0.126444, 0, 1, 0, -0.126444, 0, -0.991974, -0.185878, -0.551201, 11.4771 )
skeleton = NodePath("../Tree2")

[node name="PineTree6" parent="." instance=ExtResource( 8 )]
transform = Transform( -0.952253, 0, -0.305311, 0, 1, 0, 0.305311, 0, -0.952253, 24.523, -0.551201, 6.61529 )
skeleton = NodePath("../Tree2")

[node name="PineTree7" parent="." instance=ExtResource( 8 )]
transform = Transform( -0.189847, 0, 0.981814, 0, 1, 0, -0.981814, 0, -0.189847, 8.27241, -0.551201, -11.9663 )
skeleton = NodePath("../Tree2")

[node name="PineTree8" parent="." instance=ExtResource( 8 )]
transform = Transform( 0.999557, 0, -0.0297556, 0, 1, 0, 0.0297556, 0, 0.999557, -26.8972, -0.551201, -12.4442 )
skeleton = NodePath("../Tree2")

[node name="PineTree9" parent="." instance=ExtResource( 8 )]
transform = Transform( 0.832504, 0, -0.554018, 0, 1, 0, 0.554018, 0, 0.832504, -17.2401, -0.551201, -6.78317 )
skeleton = NodePath("../Tree2")

[node name="PineTree10" parent="." instance=ExtResource( 8 )]
transform = Transform( 0.455652, 0, -0.890158, 0, 1, 0, 0.890158, 0, 0.455652, -12.5114, -0.551201, 7.46939 )
skeleton = NodePath("../Tree2")

[node name="Tree2" parent="." instance=ExtResource( 10 )]
transform = Transform( 0.141439, 0, 0.989947, 0, 1, 0, -0.989947, 0, 0.141439, -5.71066, -0.551201, -4.41412 )

[node name="Tree3" parent="." instance=ExtResource( 10 )]
transform = Transform( 0.932714, 0, -0.360617, 0, 1, 0, 0.360617, 0, 0.932714, -20.3703, -0.551201, 9.73381 )

[node name="Tree4" parent="." instance=ExtResource( 10 )]
transform = Transform( 0.918342, 0, -0.395788, 0, 1, 0, 0.395788, 0, 0.918342, -20.4369, -0.551201, 2.74074 )

[node name="Tree5" parent="." instance=ExtResource( 10 )]
transform = Transform( -0.984481, 0, 0.175489, 0, 1, 0, -0.175489, 0, -0.984481, -8.84837, -0.551201, -11.8448 )

[node name="Tree6" parent="." instance=ExtResource( 10 )]
transform = Transform( 0.141439, 0, 0.989947, 0, 1, 0, -0.989947, 0, 0.141439, 21.6548, -0.551201, -11.4452 )

[node name="TallTree4" parent="." instance=ExtResource( 11 )]
transform = Transform( 1, 0, 0, 0, 1, 0, 0, 0, 1, -5.66801, -0.551201, 9.01949 )

[node name="TallTree5" parent="." instance=ExtResource( 11 )]
transform = Transform( 1, 0, 0, 0, 1, 0, 0, 0, 1, 17.7923, -0.551201, 4.20314 )

[node name="TallTree6" parent="." instance=ExtResource( 11 )]
transform = Transform( 1, 0, 0, 0, 1, 0, 0, 0, 1, -0.696291, -0.551201, -11.4888 )

[node name="TallTree7" parent="." instance=ExtResource( 11 )]
transform = Transform( 1, 0, 0, 0, 1, 0, 0, 0, 1, 25.8713, -0.551201, -7.13859 )

[node name="TallTree8" parent="." instance=ExtResource( 11 )]
transform = Transform( 1, 0, 0, 0, 1, 0, 0, 0, 1, -19.0233, -0.551201, -13.1671 )

[node name="TallTree9" parent="." instance=ExtResource( 11 )]
transform = Transform( 1, 0, 0, 0, 1, 0, 0, 0, 1, -23.6735, -0.551201, -7.77705 )

[node name="BushRed2" parent="." instance=ExtResource( 9 )]
transform = Transform( -0.932972, 0, -0.359948, 0, 1, 0, 0.359948, 0, -0.932972, 25.7838, -0.854762, 11.9576 )

[node name="BushYellow1" parent="." instance=ExtResource( 13 )]
transform = Transform( 0.236697, 0, 0.971584, 0, 1, 0, -0.971584, 0, 0.236697, 23.0655, -1.18029, 14.0416 )

[node name="BushYellow2" parent="." instance=ExtResource( 13 )]
transform = Transform( -0.856136, 0, 0.516753, 0, 1, 0, -0.516753, 0, -0.856136, 8.20554, -0.551201, 13.1355 )

[node name="BushRed3" parent="." instance=ExtResource( 9 )]
transform = Transform( 0.142353, 0, -0.989816, 0, 1, 0, 0.989816, 0, 0.142353, -27.3134, -1.03228, 12.4106 )

[node name="BushRed4" parent="." instance=ExtResource( 9 )]
transform = Transform( 1, 0, 0, 0, 1, 0, 0, 0, 1, -14.2656, -1.11884, -14.9535 )

[node name="Stone1" parent="." instance=ExtResource( 14 )]
transform = Transform( -0.734121, 0, -0.679019, 0, 1, 0, 0.679019, 0, -0.734121, -13.9032, -0.551201, 12.7731 )

[node name="Stone2" parent="." instance=ExtResource( 14 )]
transform = Transform( -0.880577, 0, -0.473904, 0, 1, 0, 0.473904, 0, -0.880577, -9.46333, -0.551201, -8.06715 )

[node name="Stone3" parent="." instance=ExtResource( 14 )]
transform = Transform( -0.147551, 0, -0.989055, 0, 1, 0, 0.989055, 0, -0.147551, 15.6355, -0.551201, -14.591 )

[node name="Stone4" parent="." instance=ExtResource( 14 )]
transform = Transform( -0.49511, 0, -0.86883, 0, 1, 0, 0.86883, 0, -0.49511, 27.6866, -0.551201, -14.2286 )

[node name="Stone5" parent="." instance=ExtResource( 14 )]
transform = Transform( -0.682891, 0, -0.73052, 0, 1, 0, 0.73052, 0, -0.682891, 11.7393, -0.551201, 4.43697 )

[node name="Stone6" parent="." instance=ExtResource( 14 )]
transform = Transform( 0.333445, 0, -0.94277, 0, 1, 0, 0.94277, 0, 0.333445, 22.25, -0.551201, -5.34886 )

[node name="Grass" parent="." instance=ExtResource( 15 )]
transform = Transform( -1, 0, -8.74228e-08, 0, 1, 0, 8.74228e-08, 0, -1, -0.0735936, -0.479515, 0.000770586 )
