[gd_scene load_steps=4 format=2]

[ext_resource path="res://3D Models/Grass.obj" type="ArrayMesh" id=1]
[ext_resource path="res://Main/Palette.material" type="Material" id=2]
[ext_resource path="res://Level objects/Grass.tscn" type="PackedScene" id=3]

[node name="Grass" type="Spatial"]
transform = Transform( 1, 0, 0, 0, 1, 0, 0, 0, 1, 0, -0.115902, 0 )

[node name="Grass1" parent="." instance=ExtResource( 3 )]

[node name="Grass2" type="MeshInstance" parent="."]
transform = Transform( 0.845624, 0, 0.53378, 0, 1, 0, -0.53378, 0, 0.845624, -19.8739, 0.122562, -4.88422 )
mesh = ExtResource( 1 )
material/0 = ExtResource( 2 )

[node name="Grass3" type="MeshInstance" parent="."]
transform = Transform( 0.845624, 0, 0.53378, 0, 1, 0, -0.53378, 0, 0.845624, -4.20264, 0.122562, -7.87956 )
mesh = ExtResource( 1 )
material/0 = ExtResource( 2 )

[node name="Grass4" type="MeshInstance" parent="."]
transform = Transform( 0.845624, 0, 0.53378, 0, 1, 0, -0.53378, 0, 0.845624, -23.8243, 0.122562, -9.57257 )
mesh = ExtResource( 1 )
material/0 = ExtResource( 2 )

[node name="Grass5" type="MeshInstance" parent="."]
transform = Transform( 0.845624, 0, 0.53378, 0, 1, 0, -0.53378, 0, 0.845624, -10.8879, 0.122562, -12.3074 )
mesh = ExtResource( 1 )
material/0 = ExtResource( 2 )

[node name="Grass6" type="MeshInstance" parent="."]
transform = Transform( 0.845624, 0, 0.53378, 0, 1, 0, -0.53378, 0, 0.845624, 6.73686, 0.122562, -10.0067 )
mesh = ExtResource( 1 )
material/0 = ExtResource( 2 )

[node name="Grass7" type="MeshInstance" parent="."]
transform = Transform( 0.845624, 0, 0.53378, 0, 1, 0, -0.53378, 0, 0.845624, 1.52757, 0.122562, -13.1323 )
mesh = ExtResource( 1 )
material/0 = ExtResource( 2 )

[node name="Grass8" type="MeshInstance" parent="."]
transform = Transform( 0.845624, 0, 0.53378, 0, 1, 0, -0.53378, 0, 0.845624, 15.5492, 0.122562, -9.87645 )
mesh = ExtResource( 1 )
material/0 = ExtResource( 2 )

[node name="Grass9" type="MeshInstance" parent="."]
transform = Transform( 0.845624, 0, 0.53378, 0, 1, 0, -0.53378, 0, 0.845624, 27.4004, 0.122562, -9.13847 )
mesh = ExtResource( 1 )
material/0 = ExtResource( 2 )

[node name="Grass10" type="MeshInstance" parent="."]
transform = Transform( 0.845624, 0, 0.53378, 0, 1, 0, -0.53378, 0, 0.845624, 21.8438, 0.122562, -14.1307 )
mesh = ExtResource( 1 )
material/0 = ExtResource( 2 )

[node name="Grass11" type="MeshInstance" parent="."]
transform = Transform( 0.845624, 0, 0.53378, 0, 1, 0, -0.53378, 0, 0.845624, 20.1942, 0.122562, -4.58034 )
mesh = ExtResource( 1 )
material/0 = ExtResource( 2 )

[node name="Grass12" type="MeshInstance" parent="."]
transform = Transform( 0.845624, 0, 0.53378, 0, 1, 0, -0.53378, 0, 0.845624, 11.1213, 0.122562, -6.53382 )
mesh = ExtResource( 1 )
material/0 = ExtResource( 2 )

[node name="Grass13" type="MeshInstance" parent="."]
transform = Transform( 0.845624, 0, 0.53378, 0, 1, 0, -0.53378, 0, 0.845624, 8.86398, 0.122562, -13.9136 )
mesh = ExtResource( 1 )
material/0 = ExtResource( 2 )

[node name="Grass14" type="MeshInstance" parent="."]
transform = Transform( 0.845624, 0, 0.53378, 0, 1, 0, -0.53378, 0, 0.845624, -1.03366, 0.122562, -9.78963 )
mesh = ExtResource( 1 )
material/0 = ExtResource( 2 )

[node name="Grass15" type="MeshInstance" parent="."]
transform = Transform( 0.845624, 0, 0.53378, 0, 1, 0, -0.53378, 0, 0.845624, -7.84915, 0.122562, -14.0005 )
mesh = ExtResource( 1 )
material/0 = ExtResource( 2 )

[node name="Grass16" type="MeshInstance" parent="."]
transform = Transform( 0.845624, 0, 0.53378, 0, 1, 0, -0.53378, 0, 0.845624, -13.1887, 0.122562, -9.52916 )
mesh = ExtResource( 1 )
material/0 = ExtResource( 2 )

[node name="Grass17" type="MeshInstance" parent="."]
transform = Transform( 0.845624, 0, 0.53378, 0, 1, 0, -0.53378, 0, 0.845624, -7.63209, 0.122562, -3.71213 )
mesh = ExtResource( 1 )
material/0 = ExtResource( 2 )

[node name="Grass18" type="MeshInstance" parent="."]
transform = Transform( 0.845624, 0, 0.53378, 0, 1, 0, -0.53378, 0, 0.845624, -10.6321, 0.122562, -6.71213 )
mesh = ExtResource( 1 )
material/0 = ExtResource( 2 )

[node name="Grass19" type="MeshInstance" parent="."]
transform = Transform( 0.845624, 0, 0.53378, 0, 1, 0, -0.53378, 0, 0.845624, -19.7049, 0.122562, -13.7881 )
mesh = ExtResource( 1 )
material/0 = ExtResource( 2 )

[node name="Grass20" type="MeshInstance" parent="."]
transform = Transform( 0.845624, 0, 0.53378, 0, 1, 0, -0.53378, 0, 0.845624, -27.7049, 0.122562, -13.7881 )
mesh = ExtResource( 1 )
material/0 = ExtResource( 2 )

[node name="Grass21" type="MeshInstance" parent="."]
transform = Transform( 0.845624, 0, 0.53378, 0, 1, 0, -0.53378, 0, 0.845624, -22.7561, 0.122562, -6.32143 )
mesh = ExtResource( 1 )
material/0 = ExtResource( 2 )

[node name="Grass22" type="MeshInstance" parent="."]
transform = Transform( 0.845624, 0, 0.53378, 0, 1, 0, -0.53378, 0, 0.845624, -22.7561, 0.122562, 5.67857 )
mesh = ExtResource( 1 )
material/0 = ExtResource( 2 )

[node name="Grass23" type="MeshInstance" parent="."]
transform = Transform( 0.845624, 0, 0.53378, 0, 1, 0, -0.53378, 0, 0.845624, -26.0553, 0.0180695, 8.67208 )
mesh = ExtResource( 1 )
material/0 = ExtResource( 2 )

[node name="Grass24" type="MeshInstance" parent="."]
transform = Transform( 0.845624, 0, 0.53378, 0, 1, 0, -0.53378, 0, 0.845624, -23.0553, 0.0180695, 12.6721 )
mesh = ExtResource( 1 )
material/0 = ExtResource( 2 )

[node name="Grass25" type="MeshInstance" parent="."]
transform = Transform( 0.845624, 0, 0.53378, 0, 1, 0, -0.53378, 0, 0.845624, -16.0553, 0.0180695, 8.67208 )
mesh = ExtResource( 1 )
material/0 = ExtResource( 2 )

[node name="Grass26" type="MeshInstance" parent="."]
transform = Transform( 0.845624, 0, 0.53378, 0, 1, 0, -0.53378, 0, 0.845624, -8.32822, -0.0156219, 9.62654 )
mesh = ExtResource( 1 )
material/0 = ExtResource( 2 )

[node name="Grass27" type="MeshInstance" parent="."]
transform = Transform( 0.845624, 0, 0.53378, 0, 1, 0, -0.53378, 0, 0.845624, -0.328222, -0.0156219, 12.6265 )
mesh = ExtResource( 1 )
material/0 = ExtResource( 2 )

[node name="Grass28" type="MeshInstance" parent="."]
transform = Transform( 0.845624, 0, 0.53378, 0, 1, 0, -0.53378, 0, 0.845624, 6.35703, -0.0156219, 9.2405 )
mesh = ExtResource( 1 )
material/0 = ExtResource( 2 )

[node name="Grass29" type="MeshInstance" parent="."]
transform = Transform( 0.845624, 0, 0.53378, 0, 1, 0, -0.53378, 0, 0.845624, 13.1291, -0.0156219, 11.7149 )
mesh = ExtResource( 1 )
material/0 = ExtResource( 2 )

[node name="Grass30" type="MeshInstance" parent="."]
transform = Transform( 0.845624, 0, 0.53378, 0, 1, 0, -0.53378, 0, 0.845624, 21.1601, -0.0156219, 9.06686 )
mesh = ExtResource( 1 )
material/0 = ExtResource( 2 )

[node name="Grass31" type="MeshInstance" parent="."]
transform = Transform( 0.845624, 0, 0.53378, 0, 1, 0, -0.53378, 0, 0.845624, 18.4686, -0.0156219, 4.46532 )
mesh = ExtResource( 1 )
material/0 = ExtResource( 2 )

[node name="Grass32" type="MeshInstance" parent="."]
transform = Transform( 0.845624, 0, 0.53378, 0, 1, 0, -0.53378, 0, 0.845624, 28.1492, -0.0156219, 5.81105 )
mesh = ExtResource( 1 )
material/0 = ExtResource( 2 )

[node name="Grass33" type="MeshInstance" parent="."]
transform = Transform( 0.845624, 0, 0.53378, 0, 1, 0, -0.53378, 0, 0.845624, 28.3228, -0.0156219, -5.43232 )
mesh = ExtResource( 1 )
material/0 = ExtResource( 2 )

[node name="Grass34" type="MeshInstance" parent="."]
transform = Transform( 0.845624, 0, 0.53378, 0, 1, 0, -0.53378, 0, 0.845624, 21.8981, -0.0156219, 14.1893 )
mesh = ExtResource( 1 )
material/0 = ExtResource( 2 )

[node name="Grass35" type="MeshInstance" parent="."]
transform = Transform( 0.845624, 0, 0.53378, 0, 1, 0, -0.53378, 0, 0.845624, 18.9027, -0.0156219, 11.4979 )
mesh = ExtResource( 1 )
material/0 = ExtResource( 2 )

[node name="Grass36" type="MeshInstance" parent="."]
transform = Transform( 0.845624, 0, 0.53378, 0, 1, 0, -0.53378, 0, 0.845624, 11.6097, -0.0156219, 7.15679 )
mesh = ExtResource( 1 )
material/0 = ExtResource( 2 )

[node name="Grass37" type="MeshInstance" parent="."]
transform = Transform( 0.845624, 0, 0.53378, 0, 1, 0, -0.53378, 0, 0.845624, -0.390277, -0.0156219, 4.15679 )
mesh = ExtResource( 1 )
material/0 = ExtResource( 2 )

[node name="Grass38" type="MeshInstance" parent="."]
transform = Transform( 0.845624, 0, 0.53378, 0, 1, 0, -0.53378, 0, 0.845624, -15.7143, -0.0156219, 3.89632 )
mesh = ExtResource( 1 )
material/0 = ExtResource( 2 )

[node name="Grass39" type="MeshInstance" parent="."]
transform = Transform( 0.845624, 0, 0.53378, 0, 1, 0, -0.53378, 0, 0.845624, -19.9251, -0.0156219, 3.11493 )
mesh = ExtResource( 1 )
material/0 = ExtResource( 2 )

[node name="Grass40" type="MeshInstance" parent="."]
transform = Transform( 0.845624, 0, 0.53378, 0, 1, 0, -0.53378, 0, 0.845624, -2.9251, -0.0156219, 10.1149 )
mesh = ExtResource( 1 )
material/0 = ExtResource( 2 )

[node name="Grass41" type="MeshInstance" parent="."]
transform = Transform( 0.845624, 0, 0.53378, 0, 1, 0, -0.53378, 0, 0.845624, 3.36945, -0.0156219, 11.0266 )
mesh = ExtResource( 1 )
material/0 = ExtResource( 2 )

[node name="Grass42" type="MeshInstance" parent="."]
transform = Transform( 0.845624, 0, 0.53378, 0, 1, 0, -0.53378, 0, 0.845624, -9.26307, -0.0156219, 13.1103 )
mesh = ExtResource( 1 )
material/0 = ExtResource( 2 )

[node name="Grass43" type="MeshInstance" parent="."]
transform = Transform( 0.845624, 0, 0.53378, 0, 1, 0, -0.53378, 0, 0.845624, -18.2631, -0.0156219, 14.1103 )
mesh = ExtResource( 1 )
material/0 = ExtResource( 2 )
